1.0000000000000001e-09 1.2337786378724596e-07 9.9800000000000000e-01 2.9300000000000000e+02 2.3180000000000000e+03 1.4202617000000000e-19
1.0000000000000001e-09 1.2389152702844277e-07 9.9809999999999999e-01 2.9300000000000000e+02 2.3180000000000000e+03 1.4202617000000000e-19
1.0000000000000001e-09 1.2441553484794298e-07 9.9819999999999998e-01 2.9300000000000000e+02 2.3180000000000000e+03 1.4202617000000000e-19
1.0000000000000001e-09 1.2495028673394984e-07 9.9829999999999997e-01 2.9300000000000000e+02 2.3180000000000000e+03 1.4202617000000000e-19
1.0000000000000001e-09 1.2549620559660038e-07 9.9839999999999995e-01 2.9300000000000000e+02 2.3180000000000000e+03 1.4202617000000000e-19
1.0000000000000001e-09 1.2605373963935434e-07 9.9850000000000005e-01 2.9300000000000000e+02 2.3180000000000000e+03 1.4202617000000000e-19
1.0000000000000001e-09 1.2662336442189632e-07 9.9860000000000004e-01 2.9300000000000000e+02 2.3180000000000000e+03 1.4202617000000000e-19
1.0000000000000001e-09 1.2720558513867852e-07 9.9870000000000003e-01 2.9300000000000000e+02 2.3180000000000000e+03 1.4202617000000000e-19
1.0000000000000001e-09 1.2780093914084669e-07 9.9880000000000002e-01 2.9300000000000000e+02 2.3180000000000000e+03 1.4202617000000000e-19
1.0000000000000001e-09 1.2840999873359061e-07 9.9890000000000001e-01 2.9300000000000000e+02 2.3180000000000000e+03 1.4202617000000000e-19
1.0000000000000001e-09 1.2903337428599696e-07 9.9900000000000000e-01 2.9300000000000000e+02 2.3180000000000000e+03 1.4202617000000000e-19
1.0000000000000001e-09 1.2967171769647655e-07 9.9909999999999999e-01 2.9300000000000000e+02 2.3180000000000000e+03 1.4202617000000000e-19
1.0000000000000001e-09 1.3032572626401796e-07 9.9919999999999998e-01 2.9300000000000000e+02 2.3180000000000000e+03 1.4202617000000000e-19
1.0000000000000001e-09 1.3099614702360397e-07 9.9929999999999997e-01 2.9300000000000000e+02 2.3180000000000000e+03 1.4202617000000000e-19
1.0000000000000001e-09 1.3168378161557339e-07 9.9939999999999996e-01 2.9300000000000000e+02 2.3180000000000000e+03 1.4202617000000000e-19
1.0000000000000001e-09 1.3238952506865788e-07 9.9950000000000006e-01 2.9300000000000000e+02 2.3180000000000000e+03 1.4202617000000000e-19
1.0000000000000001e-09 1.3311423994903766e-07 9.9960000000000004e-01 2.9300000000000000e+02 2.3180000000000000e+03 1.4202617000000000e-19
1.0000000000000001e-09 1.3385895978691464e-07 9.9970000000000003e-01 2.9300000000000000e+02 2.3180000000000000e+03 1.4202617000000000e-19
1.0000000000000001e-09 1.3462476718420593e-07 9.9980000000000002e-01 2.9300000000000000e+02 2.3180000000000000e+03 1.4202617000000000e-19
1.0000000000000001e-09 1.3541283512970809e-07 9.9990000000000001e-01 2.9300000000000000e+02 2.3180000000000000e+03 1.4202617000000000e-19
1.0000000000000001e-09 1.3622443742490734e-07 1.0000000000000000e+00 2.9300000000000000e+02 2.3180000000000000e+03 1.4202617000000000e-19
1.0000000000000001e-09 1.3706096066985253e-07 1.0001000000000000e+00 2.9300000000000000e+02 2.3180000000000000e+03 1.4202617000000000e-19
1.0000000000000001e-09 1.3792391809994650e-07 1.0002000000000000e+00 2.9300000000000000e+02 2.3180000000000000e+03 1.4202617000000000e-19
1.0000000000000001e-09 1.3881496563024201e-07 1.0003000000000000e+00 2.9300000000000000e+02 2.3180000000000000e+03 1.4202617000000000e-19
1.0000000000000001e-09 1.3973592054721659e-07 1.0004000000000000e+00 2.9300000000000000e+02 2.3180000000000000e+03 1.4202617000000000e-19
1.0000000000000001e-09 1.4068878339420713e-07 1.0004999999999999e+00 2.9300000000000000e+02 2.3180000000000000e+03 1.4202617000000000e-19
1.0000000000000001e-09 1.4167576373490679e-07 1.0005999999999999e+00 2.9300000000000000e+02 2.3180000000000000e+03 1.4202617000000000e-19
1.0000000000000001e-09 1.4269931065607523e-07 1.0006999999999999e+00 2.9300000000000000e+02 2.3180000000000000e+03 1.4202617000000000e-19
1.0000000000000001e-09 1.4376214910617177e-07 1.0007999999999999e+00 2.9300000000000000e+02 2.3180000000000000e+03 1.4202617000000000e-19
1.0000000000000001e-09 1.4486732347561795e-07 1.0008999999999999e+00 2.9300000000000000e+02 2.3180000000000000e+03 1.4202617000000000e-19
1.0000000000000001e-09 1.4601825023976965e-07 1.0009999999999999e+00 2.9300000000000000e+02 2.3180000000000000e+03 1.4202617000000000e-19
1.0000000000000001e-09 1.4721878204801527e-07 1.0011000000000001e+00 2.9300000000000000e+02 2.3180000000000000e+03 1.4202617000000000e-19
1.0000000000000001e-09 1.4847328641332184e-07 1.0012000000000001e+00 2.9300000000000000e+02 2.3180000000000000e+03 1.4202617000000000e-19
1.0000000000000001e-09 1.4978674323094995e-07 1.0013000000000001e+00 2.9300000000000000e+02 2.3180000000000000e+03 1.4202617000000000e-19
1.0000000000000001e-09 1.5116490625127676e-07 1.0014000000000001e+00 2.9300000000000000e+02 2.3180000000000000e+03 1.4202617000000000e-19
1.0000000000000001e-09 1.5261430277542852e-07 1.0015000000000001e+00 2.9300000000000000e+02 2.3180000000000000e+03 1.4202617000000000e-19
1.0000000000000001e-09 1.5414266048524452e-07 1.0016000000000000e+00 2.9300000000000000e+02 2.3180000000000000e+03 1.4202617000000000e-19
1.0000000000000001e-09 1.5575901483345854e-07 1.0017000000000000e+00 2.9300000000000000e+02 2.3180000000000000e+03 1.4202617000000000e-19
1.0000000000000001e-09 1.5747408608500308e-07 1.0018000000000000e+00 2.9300000000000000e+02 2.3180000000000000e+03 1.4202617000000000e-19
1.0000000000000001e-09 1.5930073614737373e-07 1.0019000000000000e+00 2.9300000000000000e+02 2.3180000000000000e+03 1.4202617000000000e-19
1.0000000000000001e-09 1.6125459469641599e-07 1.0020000000000000e+00 2.9300000000000000e+02 2.3180000000000000e+03 1.4202617000000000e-19
1.0000000000000001e-09 1.6335493725108604e-07 1.0021000000000000e+00 2.9300000000000000e+02 2.3180000000000000e+03 1.4202617000000000e-19
1.0000000000000001e-09 1.6562594984074778e-07 1.0022000000000000e+00 2.9300000000000000e+02 2.3180000000000000e+03 1.4202617000000000e-19
1.0000000000000001e-09 1.6809865071415341e-07 1.0023000000000000e+00 2.9300000000000000e+02 2.3180000000000000e+03 1.4202617000000000e-19
1.0000000000000001e-09 1.7081362704742268e-07 1.0024000000000000e+00 2.9300000000000000e+02 2.3180000000000000e+03 1.4202617000000000e-19
1.0000000000000001e-09 1.7382595648629724e-07 1.0024999999999999e+00 2.9300000000000000e+02 2.3180000000000000e+03 1.4202617000000000e-19
1.0000000000000001e-09 1.7721305945617141e-07 1.0025999999999999e+00 2.9300000000000000e+02 2.3180000000000000e+03 1.4202617000000000e-19
1.0000000000000001e-09 1.8108946417900334e-07 1.0026999999999999e+00 2.9300000000000000e+02 2.3180000000000000e+03 1.4202617000000000e-19
1.0000000000000001e-09 1.8563673041973596e-07 1.0027999999999999e+00 2.9300000000000000e+02 2.3180000000000000e+03 1.4202617000000000e-19
1.0000000000000001e-09 1.9117293464846647e-07 1.0028999999999999e+00 2.9300000000000000e+02 2.3180000000000000e+03 1.4202617000000000e-19
1.0000000000000001e-09 1.9835495764683574e-07 1.0029999999999999e+00 2.9300000000000000e+02 2.3180000000000000e+03 1.4202617000000000e-19
