1.0000000000000001e-09 1.2337790703218846e-07 9.9800000000000000e-01 2.9300000000000000e+02 2.3180000000000000e+03 1.4202617000000000e-19
1.0000000000000001e-09 1.2389157137067968e-07 9.9809999999999999e-01 2.9300000000000000e+02 2.3180000000000000e+03 1.4202617000000000e-19
1.0000000000000001e-09 1.2441558033547497e-07 9.9819999999999998e-01 2.9300000000000000e+02 2.3180000000000000e+03 1.4202617000000000e-19
1.0000000000000001e-09 1.2495033341782802e-07 9.9829999999999997e-01 2.9300000000000000e+02 2.3180000000000000e+03 1.4202617000000000e-19
1.0000000000000001e-09 1.2549625353118388e-07 9.9839999999999995e-01 2.9300000000000000e+02 2.3180000000000000e+03 1.4202617000000000e-19
1.0000000000000001e-09 1.2605378888259525e-07 9.9850000000000005e-01 2.9300000000000000e+02 2.3180000000000000e+03 1.4202617000000000e-19
1.0000000000000001e-09 1.2662341503565715e-07 9.9860000000000004e-01 2.9300000000000000e+02 2.3180000000000000e+03 1.4202617000000000e-19
1.0000000000000001e-09 1.2720563718908294e-07 9.9870000000000003e-01 2.9300000000000000e+02 2.3180000000000000e+03 1.4202617000000000e-19
1.0000000000000001e-09 1.2780099269867252e-07 9.9880000000000002e-01 2.9300000000000000e+02 2.3180000000000000e+03 1.4202617000000000e-19
1.0000000000000001e-09 1.2841005387470602e-07 9.9890000000000001e-01 2.9300000000000000e+02 2.3180000000000000e+03 1.4202617000000000e-19
1.0000000000000001e-09 1.2903343109185079e-07 9.9900000000000000e-01 2.9300000000000000e+02 2.3180000000000000e+03 1.4202617000000000e-19
1.0000000000000001e-09 1.2967177625465546e-07 9.9909999999999999e-01 2.9300000000000000e+02 2.3180000000000000e+03 1.4202617000000000e-19
1.0000000000000001e-09 1.3032578666877962e-07 9.9919999999999998e-01 2.9300000000000000e+02 2.3180000000000000e+03 1.4202617000000000e-19
1.0000000000000001e-09 1.3099620937677180e-07 9.9929999999999997e-01 2.9300000000000000e+02 2.3180000000000000e+03 1.4202617000000000e-19
1.0000000000000001e-09 1.3168384602714828e-07 9.9939999999999996e-01 2.9300000000000000e+02 2.3180000000000000e+03 1.4202617000000000e-19
1.0000000000000001e-09 1.3238955835807171e-07 9.9950000000000006e-01 2.9300000000000000e+02 2.3180000000000000e+03 1.4202617000000000e-19
1.0000000000000001e-09 1.3311427439164307e-07 9.9960000000000004e-01 2.9300000000000000e+02 2.3180000000000000e+03 1.4202617000000000e-19
1.0000000000000001e-09 1.3385899545298522e-07 9.9970000000000003e-01 2.9300000000000000e+02 2.3180000000000000e+03 1.4202617000000000e-19
1.0000000000000001e-09 1.3462480415033313e-07 9.9980000000000002e-01 2.9300000000000000e+02 2.3180000000000000e+03 1.4202617000000000e-19
1.0000000000000001e-09 1.3541287347956680e-07 9.9990000000000001e-01 2.9300000000000000e+02 2.3180000000000000e+03 1.4202617000000000e-19
1.0000000000000001e-09 1.3622447725014132e-07 1.0000000000000000e+00 2.9300000000000000e+02 2.3180000000000000e+03 1.4202617000000000e-19
1.0000000000000001e-09 1.3706100207109994e-07 1.0001000000000000e+00 2.9300000000000000e+02 2.3180000000000000e+03 1.4202617000000000e-19
1.0000000000000001e-09 1.3792396118803650e-07 1.0002000000000000e+00 2.9300000000000000e+02 2.3180000000000000e+03 1.4202617000000000e-19
1.0000000000000001e-09 1.3881501052759398e-07 1.0003000000000000e+00 2.9300000000000000e+02 2.3180000000000000e+03 1.4202617000000000e-19
1.0000000000000001e-09 1.3973596738943890e-07 1.0004000000000000e+00 2.9300000000000000e+02 2.3180000000000000e+03 1.4202617000000000e-19
1.0000000000000001e-09 1.4068883233218443e-07 1.0004999999999999e+00 2.9300000000000000e+02 2.3180000000000000e+03 1.4202617000000000e-19
1.0000000000000001e-09 1.4167581493698196e-07 1.0005999999999999e+00 2.9300000000000000e+02 2.3180000000000000e+03 1.4202617000000000e-19
1.0000000000000001e-09 1.4269936431086739e-07 1.0006999999999999e+00 2.9300000000000000e+02 2.3180000000000000e+03 1.4202617000000000e-19
1.0000000000000001e-09 1.4376220542591920e-07 1.0007999999999999e+00 2.9300000000000000e+02 2.3180000000000000e+03 1.4202617000000000e-19
1.0000000000000001e-09 1.4486738270023608e-07 1.0008999999999999e+00 2.9300000000000000e+02 2.3180000000000000e+03 1.4202617000000000e-19
1.0000000000000001e-09 1.4601831264181528e-07 1.0009999999999999e+00 2.9300000000000000e+02 2.3180000000000000e+03 1.4202617000000000e-19
1.0000000000000001e-09 1.4721884793873712e-07 1.0011000000000001e+00 2.9300000000000000e+02 2.3180000000000000e+03 1.4202617000000000e-19
1.0000000000000001e-09 1.4847335615048520e-07 1.0012000000000001e+00 2.9300000000000000e+02 2.3180000000000000e+03 1.4202617000000000e-19
1.0000000000000001e-09 1.4978681722823574e-07 1.0013000000000001e+00 2.9300000000000000e+02 2.3180000000000000e+03 1.4202617000000000e-19
1.0000000000000001e-09 1.5116494560661943e-07 1.0014000000000001e+00 2.9300000000000000e+02 2.3180000000000000e+03 1.4202617000000000e-19
1.0000000000000001e-09 1.5261434478346910e-07 1.0015000000000001e+00 2.9300000000000000e+02 2.3180000000000000e+03 1.4202617000000000e-19
1.0000000000000001e-09 1.5414270548084631e-07 1.0016000000000000e+00 2.9300000000000000e+02 2.3180000000000000e+03 1.4202617000000000e-19
1.0000000000000001e-09 1.5575906321713253e-07 1.0017000000000000e+00 2.9300000000000000e+02 2.3180000000000000e+03 1.4202617000000000e-19
1.0000000000000001e-09 1.5747413834131007e-07 1.0018000000000000e+00 2.9300000000000000e+02 2.3180000000000000e+03 1.4202617000000000e-19
1.0000000000000001e-09 1.5930079286987826e-07 1.0019000000000000e+00 2.9300000000000000e+02 2.3180000000000000e+03 1.4202617000000000e-19
1.0000000000000001e-09 1.6125465662295053e-07 1.0020000000000000e+00 2.9300000000000000e+02 2.3180000000000000e+03 1.4202617000000000e-19
1.0000000000000001e-09 1.6335500531440477e-07 1.0021000000000000e+00 2.9300000000000000e+02 2.3180000000000000e+03 1.4202617000000000e-19
1.0000000000000001e-09 1.6562602524397647e-07 1.0022000000000000e+00 2.9300000000000000e+02 2.3180000000000000e+03 1.4202617000000000e-19
1.0000000000000001e-09 1.6809869284518210e-07 1.0023000000000000e+00 2.9300000000000000e+02 2.3180000000000000e+03 1.4202617000000000e-19
1.0000000000000001e-09 1.7081367471750048e-07 1.0024000000000000e+00 2.9300000000000000e+02 2.3180000000000000e+03 1.4202617000000000e-19
1.0000000000000001e-09 1.7382601131128214e-07 1.0024999999999999e+00 2.9300000000000000e+02 2.3180000000000000e+03 1.4202617000000000e-19
1.0000000000000001e-09 1.7721312360299247e-07 1.0025999999999999e+00 2.9300000000000000e+02 2.3180000000000000e+03 1.4202617000000000e-19
1.0000000000000001e-09 1.8108954117328067e-07 1.0026999999999999e+00 2.9300000000000000e+02 2.3180000000000000e+03 1.4202617000000000e-19
1.0000000000000001e-09 1.8563677835064263e-07 1.0027999999999999e+00 2.9300000000000000e+02 2.3180000000000000e+03 1.4202617000000000e-19
1.0000000000000001e-09 1.9117299785505284e-07 1.0028999999999999e+00 2.9300000000000000e+02 2.3180000000000000e+03 1.4202617000000000e-19
1.0000000000000001e-09 1.9835505023032427e-07 1.0029999999999999e+00 2.9300000000000000e+02 2.3180000000000000e+03 1.4202617000000000e-19
